187 11111 190 950
89 1111011 78 546
238 11110101 118 944
176 11110100 210 1680
87 1111001 139 973
203 111100011 27 243
24 111100010 57 513
43 11110000 87 696
68 11101 67 335
120 111001 50 300
224 11100011 98 784
254 111000101 161 1449
253 111000100 139 1251
152 11100001 47 376
146 111000001 21 189
67 1110000001 167 1670
137 11100000001 18 198
74 11100000000 149 1639
174 11011 248 1240
83 110101 114 684
88 1101001 80 560
96 11010001 42 336
155 11010000111 50 550
154 11010000110 56 616
201 110100001011 23 276
48 110100001010 26 312
225 11010000100 105 1155
178 110100000 277 2493
132 1100111 17 119
135 11001101 166 1328
77 11001100 242 1936
157 11001011 36 288
121 110010101 42 378
251 11001010011 116 1276
4 11001010010 35 385
123 1100101000 48 480
180 11001001 194 1552
212 110010001 39 351
21 1100100001 56 560
235 1100100000 172 1720
130 110001 14 84
133 1100001 17 119
162 11000001 211 1688
115 110000001 47 423
166 1100000001 181 1810
161 1100000000 305 3050
11 1011111 50 350
208 10111101 51 408
220 101111001 34 306
109 101111000 35 315
164 101110 227 1362
179 101101 254 1524
49 10110011 38 304
23 10110010 37 296
15 10110001 50 400
117 1011000011 42 420
195 10110000101 30 330
98 10110000100 46 506
44 1011000001 71 710
90 10110000001 57 627
242 10110000000 214 2354
107 1010111 34 238
46 1010110111 66 660
91 1010110110 45 450
84 1010110101 144 1440
218 101011010011 30 360
9 101011010010 38 456
42 10101101000 90 990
245 10101100 147 1176
100 1010101111 41 410
50 1010101110 43 430
204 101010110 39 351
249 101010101 88 792
244 1010101001 175 1750
22 1010101000 35 350
223 10101001 36 288
228 10101000 92 736
7 1010011 36 252
136 10100101 24 192
248 101001001 78 702
25 1010010001 49 490
52 1010010000 74 740
122 10100011 45 360
61 10100010 118 944
240 10100001 229 1832
31 101000001 52 468
64 101000000 112 1008
230 100111 71 426
56 100110 87 522
182 100101 238 1428
58 10010011 95 760
12 1001001011 34 340
5 1001001010 36 360
26 100100100 40 360
217 1001000 188 1316
232 1000111 180 1260
45 1000110 78 546
189 100010 261 1566
202 100001 184 1104
170 1000001 174 1218
168 1000000 184 1288
129 0111 14 56
65 01101 131 655
76 01100 261 1305
210 010111 45 270
105 0101101 25 175
141 010110011 12 108
3 010110010 32 288
27 010110001 40 360
57 0101100001 87 870
113 0101100000 38 380
103 0101011 33 231
78 01010101 200 1600
147 010101001 35 315
138 010101000 16 144
127 01010011 47 376
106 0101001011 36 360
54 0101001010 72 720
149 010100100 37 333
163 01010001 190 1520
190 010100001 241 2169
184 0101000001 178 1780
216 01010000001 36 396
114 010100000001 36 432
250 010100000000 117 1404
47 0100111 45 315
197 0100110 53 371
63 01001011 127 1016
34 01001010 129 1032
144 01001001 40 320
18 01001000111 45 495
8 01001000110 49 539
191 0100100010 295 2950
53 010010000 55 495
171 01000111 177 1416
172 01000110 271 2168
30 010001011 59 531
124 010001010 45 405
126 0100010011 32 320
125 0100010010 28 280
33 0100010001 140 1400
38 0100010000 220 2200
85 010000111 127 1143
73 010000110 168 1512
177 010000101 164 1476
148 0100001001 34 340
51 01000010001 55 605
246 01000010000 155 1705
185 010000011 196 1764
151 0100000101 26 260
211 01000001001 36 396
60 010000010001 94 1128
94 010000010000 96 1152
118 0100000011 35 350
222 0100000010 27 270
227 010000000 100 900
145 0011 31 124
32 00101111 121 968
231 001011101 63 567
66 001011100 144 1296
104 001011011 21 189
167 0010110101 190 1900
169 0010110100 180 1800
69 001011001 83 747
243 0010110001 189 1890
241 0010110000 231 2310
72 00101011 179 1432
16 001010101 57 513
175 001010100 287 2583
93 0010100111 98 980
226 0010100110 99 990
252 0010100101 130 1300
237 0010100100 147 1470
150 0010100011 32 320
159 00101000101 36 396
20 00101000100 53 583
19 001010000111 37 444
140 001010000110 22 264
239 00101000010 131 1441
29 00101000001 37 407
62 00101000000 124 1364
134 001001 20 120
128 00100011 11 88
116 0010001011 39 390
234 0010001010 172 1720
36 001000100 171 1539
186 0010000111 183 1830
108 001000011011 20 240
214 001000011010 39 468
142 00100001100 26 286
13 00100001011 37 407
28 00100001010 39 429
173 0010000100 281 2810
119 0010000011 24 240
215 001000001011 49 588
236 001000001010 146 1752
59 00100000100 268 2948
101 0010000001 31 310
153 00100000001 36 396
2 0010000000011 34 442
6 0010000000010 35 455
110 0010000000001 31 403
221 0010000000000 21 273
229 000111 80 480
131 00011011 10 80
71 000110101 100 900
35 000110100 166 1494
17 00011001 52 416
40 000110001 147 1323
86 0001100001 154 1540
82 0001100000 123 1230
188 00010111 250 2000
233 00010110 196 1568
55 0001010 77 539
1 00010011 34 272
80 000100101 296 2664
97 00010010011 53 583
199 00010010010 59 649
39 0001001000 208 2080
41 00010001 122 976
165 00010000 194 1552
111 0000111 28 196
198 000011011 51 459
196 000011010 56 504
92 000011001 92 828
10 0000110001 38 380
255 0000110000 197 1970
37 00001011 207 1656
143 000010101 18 162
70 0000101001 82 820
139 00001010001 35 385
158 000010100001 40 480
156 000010100000 39 468
219 00001001 31 248
0 0000100011 39 390
14 0000100010 49 490
247 000010000 160 1440
81 000001 109 654
213 0000001111 39 390
102 0000001110 28 280
79 000000110 200 1800
183 000000101 207 1863
160 000000100 235 2115
193 0000000111 47 470
99 00000001101 38 418
205 00000001100 42 462
207 00000001011 39 429
206 000000010101 32 384
209 000000010100 44 528
75 0000000100 160 1600
192 000000001 29 261
194 0000000001 44 440
95 00000000001 92 1012
181 000000000001 163 1956
200 0000000000001 32 416
112 0000000000000 34 442
=============================
129 11111 112 560
59 1111011 144 1008
185 1111010 47 329
29 111100 296 1776
227 11101 29 145
152 111001 203 1218
79 1110001 130 910
9 11100001 127 1016
221 111000001 16 144
182 1110000001 40 400
127 1110000000 147 1470
88 110111 121 726
132 1101101 142 994
68 11011001 165 1320
63 110110001 88 792
89 1101100001 162 1620
11 11011000001 115 1265
104 11011000000 221 2431
76 1101011 125 875
239 110101011 20 180
252 1101010101 27 270
6 1101010100 106 1060
61 1101010011 50 500
94 1101010010 177 1770
87 1101010001 24 240
18 1101010000 135 1350
120 11010011 101 808
5 110100101 81 729
247 1101001001 13 130
188 1101001000 34 340
109 110100011 141 1269
228 1101000101 21 210
244 110100010011 6 72
225 110100010010 24 288
233 11010001000 15 165
157 110100001 168 1512
118 1101000001 204 2040
2 11010000001 104 1144
1 11010000000 111 1221
117 110011 170 1020
19 110010 194 1164
160 110001 30 180
196 1100001 17 119
197 11000001 30 240
199 110000001 46 414
100 1100000001 101 1010
203 11000000001 22 242
205 110000000001 26 312
208 1100000000001 18 234
209 11000000000001 8 112
72 110000000000001 104 1560
45 110000000000000 108 1620
171 10111 29 145
34 1011011 92 644
140 101101011 100 900
37 1011010101 113 1130
133 10110101001 162 1782
219 10110101000111 20 280
206 10110101000110 34 476
204 10110101000101 21 294
189 10110101000100 39 546
49 101101010000 192 2304
47 101101001 135 1215
54 101101000 236 2124
143 10110011 116 928
184 101100101 51 459
44 101100100 103 927
16 10110001 205 1640
95 1011000011 133 1330
231 10110000101 27 297
58 10110000100 166 1826
73 1011000001 126 1260
190 101100000011 53 636
246 1011000000101 12 156
222 1011000000100 5 65
201 101100000001 45 540
86 1011000000001 26 338
213 10110000000001 30 420
24 10110000000000 61 854
161 1010111 30 210
83 10101101 72 576
195 101011001 20 180
56 1010110001 117 1170
124 1010110000 118 1180
173 1010101 32 224
179 10101001 85 680
46 101010001 116 1044
112 101010000 164 1476
149 10100111 107 856
42 10100110 144 1152
223 101001011 20 180
27 1010010101 38 380
0 10100101001 113 1243
220 10100101000 13 143
28 101001001 161 1449
245 1010010001 15 150
32 1010010000 106 1060
111 1010001 191 1337
141 101000011 97 873
90 101000010 171 1539
50 101000001 174 1566
36 1010000001 94 940
115 10100000001 140 1540
230 101000000001 30 360
125 101000000000 112 1344
8 1001 117 468
55 1000 231 924
7 0111 101 404
81 0110111 81 567
40 0110110 283 1981
162 0110101 26 182
169 011010011 32 288
97 0110100101 66 660
119 01101001001 207 2277
249 01101001000 12 132
110 011010001 201 1809
107 011010000 203 1827
193 01100111 27 216
235 011001101 23 207
122 011001100 155 1395
224 01100101 25 200
177 011001001 74 666
183 0110010001 51 510
121 01100100001 133 1463
13 011001000001 134 1608
234 011001000000 18 216
67 0110001 320 2240
215 011000011 13 117
113 011000010 144 1296
150 0110000011 83 830
22 0110000010 214 2140
155 011000000 133 1197
240 01011 18 90
211 0101011 16 112
126 01010101 171 1368
38 01010100 96 768
218 010100 24 144
39 0100111 109 763
41 01001101 148 1184
116 01001100 170 1360
158 01001011 190 1520
137 010010101 116 1044
20 010010100 167 1503
64 01001001 186 1488
21 010010001 156 1404
71 010010000 171 1539
91 01000111 193 1544
105 01000110 231 1848
163 01000101 25 200
241 01000100111 22 242
4 01000100110 98 1078
186 0100010010 57 570
167 0100010001 9 90
57 0100010000 127 1270
229 01000011 39 312
192 0100001011 29 290
139 01000010101 141 1551
60 010000101001 63 756
178 010000101000 78 936
144 0100001001 57 570
75 01000010001 128 1408
53 01000010000 170 1870
102 0100000 97 679
181 001111 47 282
180 001110 50 300
142 001101 102 612
146 0011001 38 266
35 001100011 81 729
114 0011000101 150 1500
92 001100010011 191 2292
93 001100010010 205 2460
232 00110001000 19 209
166 00110000 23 184
147 001011 37 222
48 001010 215 1290
151 0010011 74 518
175 00100101 21 168
17 001001001 224 2016
154 0010010001 176 1760
236 00100100001 166 1826
106 001001000001 130 1560
12 001001000000 147 1764
255 0010001 18 126
134 00100001 151 1208
33 001000001 109 981
70 0010000001 142 1420
145 00100000001 45 495
98 001000000001 44 528
3 001000000000 106 1272
82 000111 96 576
74 0001101 139 973
51 00011001 143 1144
23 000110001 188 1692
153 000110000 212 1908
148 0001011 115 805
96 00010101 73 584
66 000101001 201 1809
191 00010100011 50 550
25 00010100010 87 957
135 0001010000 139 1390
128 000100111 117 1053
43 0001001101 134 1340
172 00010011001 21 231
10 000100110001 122 1464
187 0001001100001 48 624
14 0001001100000 143 1859
69 000100101 148 1332
78 000100100 156 1404
254 000100011 13 117
253 000100010 15 135
130 000100001 113 1017
216 0001000001 20 200
250 000100000011 9 108
251 0001000000101 16 208
237 0001000000100 18 234
108 00010000000 176 1936
170 000011 33 198
15 0000101 152 1064
136 00001001 127 1016
138 000010001 119 1071
131 0000100001 123 1230
207 0000100000111 34 442
103 00001000001101 111 1554
226 000010000011001 17 255
214 000010000011000 16 240
174 000010000010 27 324
85 00001000000 42 462
52 0000011 118 826
77 000001011 116 1044
101 000001010 278 2502
80 000001001 102 918
164 0000010001 20 200
165 00000100001 22 242
168 000001000001 25 300
84 0000010000001 55 715
202 00000100000001 22 308
217 000001000000001 19 285
159 000001000000000 220 3300
198 00000011 22 176
210 000000101 12 108
243 000000100111 28 336
242 000000100110 27 324
26 00000010010 63 693
156 000000100011 125 1500
123 00000010001011 138 1932
238 000000100010101 21 315
31 000000100010100 110 1650
248 0000001000100 14 182
200 00000010000 23 253
194 00000001 22 176
212 0000000011 28 280
65 00000000101 193 2123
176 000000001001 75 900
62 0000000010001 93 1209
30 0000000010000 95 1235
99 000000000 45 405
=============================
104 11111 87 435
227 1111011 88 616
161 11110101 162 1296
220 11110100 185 1480
205 1111001 149 1043
231 1111000 210 1470
44 111011 67 402
228 1110101 246 1722
157 1110100 60 420
63 1110011 72 504
203 1110010 225 1575
90 11100011 8 64
237 111000101 128 1152
192 111000100 259 2331
98 11100001 131 1048
105 111000001 114 1026
246 11100000011 105 1155
189 111000000101 11 132
79 111000000100 7 84
8 11100000001 61 671
6 11100000000 268 2948
175 1101111 22 154
95 11011101 4 32
255 11011100 211 1688
49 1101101 87 609
222 1101100 151 1057
197 1101011 142 994
142 11010101 22 176
217 11010100 165 1320
144 11010011 28 224
166 110100101 15 135
75 1101001001 2 20
187 11010010001 10 110
2 11010010000 178 1958
156 110100011 51 459
62 11010001011 81 891
12 11010001010 57 627
54 1101000100 79 790
53 110100001 105 945
107 110100000 106 954
239 1100111 88 616
28 1100110 158 1106
207 1100101 204 1428
46 11001001 82 656
30 110010001 146 1314
60 110010000 65 585
64 110001 3 18
134 1100001 33 231
67 11000001 1 8
69 110000001 2 18
72 1100000001 1 10
27 11000000001 182 2002
238 1100000000011 73 949
115 1100000000010 27 351
24 110000000000 187 2244
34 1011 92 368
162 101011 18 108
177 1010101 27 189
241 1010100 141 987
240 1010011 118 826
91 1010010 7 49
200 101000 155 930
40 10011 133 665
110 1001011 97 679
225 1001010 143 1001
155 1001001 37 259
253 100100011 155 1395
123 100100010 93 837
159 10010000111 49 539
245 10010000110 96 1056
210 1001000010 269 2690
129 100100000 61 549
116 1000111 41 287
171 10001101 18 144
85 10001100 41 328
111 1000101 73 511
127 1000100 224 1568
250 100001111 206 1854
223 1000011101 172 1720
50 1000011100 97 970
186 1000011011 9 90
249 1000011010 180 1800
126 100001100 205 1845
232 100001011 57 513
176 1000010101 34 340
214 1000010100 143 1430
191 10000100111 29 319
14 10000100110 212 2332
138 1000010010 42 420
190 1000010001 10 100
251 1000010000 237 2370
45 1000001111 99 990
125 1000001110 143 1430
102 100000110 109 981
170 1000001011 14 140
172 10000010101 15 165
158 100000101001 65 780
209 100000101000 285 3420
160 1000001001 8 80
81 10000010001 80 880
56 100000100001 65 780
108 100000100000 82 984
97 10000001 187 1496
122 100000001 110 990
119 10000000011 22 242
109 10000000010 75 825
242 100000000011 130 1560
22 100000000010 132 1584
86 100000000001 11 132
42 100000000000 104 1248
35 01111 72 360
17 01110 157 785
221 01101 192 960
96 0110011 137 959
100 01100101 104 832
212 011001001 179 1611
247 01100100011 103 1133
29 01100100010 155 1705
235 0110010000 44 440
76 0110001 10 70
211 0110000 288 2016
55 01011 107 535
93 0101011 23 161
236 0101010 118 826
184 0101001 13 91
185 01010001 10 80
52 01010000 115 920
179 010011 9 54
59 0100101 81 567
25 01001001 243 1944
87 0100100011 13 130
124 0100100010 182 1820
5 010010000 212 1908
163 010001 10 60
37 0100001 87 609
174 010000011 25 225
226 010000010 106 954
89 0100000011 6 60
167 010000001011 12 144
169 0100000010101 18 234
168 0100000010100 21 273
152 010000001001 40 480
153 010000001000 46 552
148 0100000001 190 1900
31 01000000001 144 1584
201 01000000000 164 1804
66 001 2 6
193 00011111 244 1952
199 000111101 195 1755
113 0001111001 20 200
51 0001111000 100 1000
114 000111011 30 270
233 00011101011 42 462
194 00011101010 286 3146
188 0001110100 14 140
3 000111001 154 1386
68 000111000111 5 60
139 000111000110 22 264
70 000111000101 6 72
143 000111000100 29 348
202 0001110000 207 2070
33 000110111 91 819
140 0001101101 25 250
165 00011011001 8 88
118 00011011000 187 2057
88 000110101 7 63
48 000110100 113 1017
41 00011001 155 1240
218 000110001 132 1188
248 0001100001 147 1470
178 0001100000 158 1580
47 0001011 80 560
252 0001010111 166 1660
183 0001010110 28 280
151 00010101011 53 583
206 00010101010 181 1991
74 00010101001 4 44
149 00010101000 19 209
198 000101001 204 1836
10 00010100011 58 638
1 00010100010 106 1166
195 0001010000 287 2870
101 0001001 88 616
244 000100011 119 1071
94 0001000101 1 10
254 0001000100 235 2350
130 0001000011 58 580
132 00010000101 54 594
204 00010000100 162 1782
83 00010000011 70 770
216 00010000010 131 1441
196 00010000001 168 1848
103 000100000001 119 1428
20 0001000000001 112 1456
173 0001000000000 26 338
23 000011 118 708
80 0000101 66 462
32 00001001 78 624
136 000010001 31 279
9 000010000 55 495
0 00000111 141 1128
16 00000110111 154 1694
71 000001101101 1 12
147 0000011011001 26 338
224 00000110110001 150 2100
234 000001101100001 49 735
61 0000011011000001 77 1232
26 0000011011000000 160 2560
106 0000011010 99 990
154 000001100111 51 612
43 000001100110 125 1500
120 000001100101 66 792
229 000001100100 262 3144
112 0000011000111 34 442
58 000001100011011 51 765
13 000001100011010 74 1110
133 000001100011001 52 780
215 000001100011000 198 2970
92 0000011000101 5 65
180 00000110001001 13 182
213 00000110001000 244 3416
181 000001100001 12 144
182 0000011000001 16 208
38 00000110000001 89 1246
219 00000110000000 131 1834
135 00000101 35 280
21 000001001 135 1215
150 000001000 55 495
19 00000011 152 1216
117 0000001011 28 280
208 0000001010 298 2980
121 000000100 39 351
39 0000000111 81 810
164 00000001101 9 99
82 000000011001 42 504
36 000000011000 72 864
7 000000010 279 2511
18 0000000011 151 1510
230 0000000010 230 2300
141 00000000011 29 319
145 0000000001011 46 598
146 00000000010101 18 252
84 000000000101001 11 165
243 000000000101000 134 2010
57 0000000001001 78 1014
4 0000000001000 271 3523
77 000000000011 8 96
128 000000000010 40 480
131 000000000001 60 720
65 0000000000001 2 26
15 00000000000001 65 910
137 000000000000001 43 645
78 00000000000000011 8 136
11 00000000000000010 59 1003
99 0000000000000000 124 1984
85372
116.428 % 
